[?25l[48;2;48;52;70m [38;2;51;54;69m▗[38;2;74;69;64;48;2;51;54;69m▗[38;2;85;61;29;48;2;55;56;68m▄[38;2;101;68;34;48;2;56;56;68m▄[38;2;120;80;41;48;2;56;57;68m▄[38;2;121;79;42;48;2;57;57;68m▄[38;2;120;80;41;48;2;56;57;68m▄[38;2;104;70;35;48;2;56;56;68m▄[38;2;87;62;31;48;2;55;56;68m▄[38;2;86;76;57;48;2;52;54;69m▖[38;2;56;58;69;48;2;48;52;70m▖ [0m
[48;2;48;52;70m [38;2;58;48;24;48;2;61;61;63m▗[38;2;117;77;44;48;2;82;60;30m▗[38;2;144;96;55;48;2;96;68;36m▄[38;2;164;107;64;48;2;119;77;43m▄[38;2;173;111;67;48;2;150;97;59m▄[38;2;185;119;74;48;2;157;101;61m▄[38;2;175;112;68;48;2;154;99;59m▖[38;2;143;93;54;48;2;120;79;43m▄[38;2;122;81;44;48;2;96;67;35m▄[38;2;112;74;40;48;2;85;60;29m▖[38;2;51;54;68;48;2;59;51;44m▝[48;2;48;52;70m [0m
[38;2;51;52;59;48;2;49;52;69m▗[38;2;67;63;59;48;2;52;43;19m▘[38;2;136;91;52;48;2;91;65;33m▝[38;2;159;106;62;48;2;135;89;50m▝[38;2;158;102;60;48;2;182;117;72m▌[38;2;182;116;71;48;2;195;124;77m▘[38;2;169;109;66;48;2;188;120;74m▄[38;2;153;99;59;48;2;181;117;72m▄[38;2;165;107;64;48;2;145;96;56m▘[38;2;124;82;45;48;2;138;92;52m▗[38;2;115;77;42;48;2;92;64;34m▌[38;2;65;60;50;48;2;54;42;20m▝[38;2;50;49;48;48;2;49;53;69m▖[0m
[38;2;48;52;70;48;2;51;52;59m▌[38;2;42;34;15;48;2;44;36;17m▌[38;2;58;45;22;48;2;107;72;38m▌[38;2;104;71;37;48;2;124;81;45m▄[38;2;83;61;30;48;2;138;92;53m▗[38;2;172;111;69;48;2;132;88;50m▌[38;2;111;74;41;48;2;151;99;59m▄[38;2;78;56;28;48;2;134;88;51m▄[38;2;85;60;31;48;2;114;75;41m▄[38;2;83;60;31;48;2;107;72;38m▄[38;2;83;62;31;48;2;57;45;21m▘[38;2;50;42;20;48;2;47;39;17m▘[38;2;50;49;49;48;2;48;52;70m▌[0m
[38;2;48;52;70;48;2;52;52;58m▌[38;2;45;37;17;48;2;50;42;20m▌[38;2;56;44;21;48;2;80;58;30m▌[38;2;127;83;47;48;2;95;68;35m▄[38;2;129;88;51;48;2;93;67;34m▗[38;2;140;92;56;48;2;91;65;33m▘[38;2;97;69;36;48;2;61;47;23m▖[38;2;58;47;23;48;2;86;61;32m▖[38;2;133;86;50;48;2;99;67;37m▄[38;2;98;67;37;48;2;77;56;27m▄[38;2;92;65;33;48;2;61;46;22m▄[38;2;76;55;28;48;2;54;43;20m▖[38;2;50;48;49;48;2;48;52;70m▌[0m
[38;2;48;52;70;48;2;52;52;58m▌[38;2;49;38;18;48;2;73;55;27m▌[38;2;103;71;38;48;2;92;66;34m▄[38;2;174;111;67;48;2;142;93;54m▗[38;2;96;66;32;48;2;163;105;64m▝[38;2;170;111;69;48;2;108;71;38m▌[38;2;177;115;70;48;2;150;97;58m▗[38;2;166;108;65;48;2;95;68;36m▗[38;2;100;68;37;48;2;143;93;54m▘[38;2;125;82;47;48;2;156;101;60m▝[38;2;154;100;59;48;2;126;85;49m▄[38;2;108;74;41;48;2;68;51;25m▖[38;2;50;48;48;48;2;48;52;70m▌[0m
[38;2;66;63;68;48;2;115;86;58m▘[38;2;43;32;18;48;2;88;62;33m▌[38;2;134;89;53;48;2;121;80;44m▄[38;2;170;109;66;48;2;136;88;52m▝[38;2;217;152;107;48;2;185;119;76m▗[38;2;211;138;92;48;2;166;107;67m▄[38;2;191;121;76;48;2;148;97;57m▄[38;2;212;138;90;48;2;162;106;65m▄[38;2;199;132;86;48;2;161;106;65m▖[38;2;112;76;42;48;2;157;102;61m▄[38;2;130;86;51;48;2;139;90;53m▖[38;2;108;73;41;48;2;53;40;21m▌[38;2;143;103;63;48;2;85;66;52m▗[0m
[38;2;149;96;58;48;2;110;82;57m▝[38;2;88;63;32;48;2;100;67;36m▝[38;2;189;124;81;48;2;121;80;47m▝[38;2;59;25;24;48;2;139;77;55m▖[38;2;159;92;92;48;2;101;65;43m▖[38;2;198;132;85;48;2;104;70;39m▝[38;2;226;151;103;48;2;203;133;86m▘[38;2;207;137;90;48;2;129;87;51m▘[38;2;111;61;41;48;2;86;52;32m▚[38;2;104;62;59;48;2;146;87;68m▗[38;2;109;73;45;48;2;163;107;67m▄[38;2;122;79;45;48;2;97;66;39m▄[38;2;109;75;48;48;2;135;93;56m▄[0m
[38;2;91;76;61;48;2;115;77;42m▌[38;2;154;99;59;48;2;107;73;40m▗[38;2;192;124;78;48;2;131;85;51m▄[38;2;92;51;34;48;2;133;65;47m▝[38;2;113;48;39;48;2;208;128;98m▌[38;2;248;176;131;48;2;119;81;50m▖[38;2;179;115;71;48;2;232;158;108m▌[38;2;231;162;117;48;2;131;89;56m▗[38;2;216;141;93;48;2;138;67;52m▖[38;2;81;42;29;48;2;139;73;57m▘[38;2;201;128;81;48;2;147;95;62m▗[38;2;157;100;60;48;2;115;77;42m▌[38;2;113;82;49;48;2;96;67;46m▄[0m
[38;2;116;85;50;48;2;69;63;65m▝[38;2;109;75;41;48;2;155;101;60m▌[38;2;183;119;73;48;2;216;142;94m▖[38;2;232;159;111;48;2;169;114;73m▄[38;2;173;119;81;48;2;220;150;104m▘[38;2;251;182;140;48;2;211;139;93m▘[38;2;220;152;103;48;2;235;184;144m▌[38;2;244;173;130;48;2;212;142;97m▝[38;2;181;119;78;48;2;222;149;102m▝[38;2;234;165;120;48;2;165;113;74m▄[38;2;194;127;80;48;2;217;144;96m▗[38;2;165;107;65;48;2;120;82;46m▌[38;2;65;58;61;48;2;105;81;53m▄[0m
[38;2;48;52;70;48;2;67;60;62m▌[38;2;109;77;46;48;2;148;97;57m▌[38;2;163;104;62;48;2;136;88;51m▝[38;2;174;113;69;48;2;221;147;100m▌[38;2;182;117;72;48;2;140;91;53m▘[38;2;130;87;50;48;2;141;93;54m▄[38;2;125;81;47;48;2;150;115;80m▄[38;2;136;61;44;48;2;149;90;56m▄[38;2;167;109;65;48;2;126;79;46m▝[38;2;215;143;94;48;2;190;125;80m▘[38;2;169;109;66;48;2;142;92;55m▘[38;2;145;96;56;48;2;123;85;49m▌[38;2;77;65;55;48;2;48;52;70m▌[0m
[48;2;48;52;70m [38;2;76;67;64;48;2;128;87;54m▌[38;2;147;97;56;48;2;134;87;50m▌[38;2;167;108;65;48;2;197;127;81m▌[38;2;124;80;45;48;2;180;109;73m▌[38;2;221;142;103;48;2;179;115;72m▌[38;2;179;116;72;48;2;147;95;58m▄[38;2;156;55;56;48;2;175;92;78m▝[38;2;180;106;70;48;2;139;90;52m▌[38;2;174;112;69;48;2;179;115;71m▗[38;2;142;92;53;48;2;155;100;60m▌[38;2;145;96;58;48;2;93;73;60m▌[48;2;48;52;70m [0m
[48;2;48;52;70m [38;2;48;52;70;48;2;83;73;63m▌[38;2;136;89;52;48;2;128;83;47m▘[38;2;145;92;54;48;2;184;117;73m▌[38;2;134;36;35;48;2;173;81;74m▗[38;2;44;43;43;48;2;117;72;61m▄[38;2;72;72;72;48;2;118;93;71m▄[38;2;47;47;48;48;2;115;85;61m▄[38;2;136;89;57;48;2;170;109;68m▖[38;2;176;113;68;48;2;154;99;59m▌[38;2;127;82;47;48;2;137;89;52m▄[38;2;106;84;60;48;2;48;52;70m▌ [0m
[48;2;48;52;70m [38;2;66;63;66m▝[38;2;85;66;57;48;2;124;81;45m▌[38;2;124;81;45;48;2;152;97;59m▌[38;2;191;111;79;48;2;146;59;47m▌[38;2;109;24;24;48;2;32;22;22m▗[38;2;56;13;13;48;2;2;0;2m▄[38;2;105;21;21;48;2;37;20;21m▖[38;2;115;77;48;48;2;177;113;69m▌[38;2;159;105;62;48;2;128;85;47m▌[38;2;122;80;44;48;2;98;72;53m▌[38;2;76;66;63;48;2;48;52;70m▘ [0m
[48;2;48;52;70m  [38;2;99;75;52;48;2;54;55;68m▝[38;2;94;72;53;48;2;128;83;47m▖[38;2;192;123;76;48;2;166;108;65m▘[38;2;154;103;60;48;2;116;83;70m▖[38;2;122;101;86;48;2;123;66;65m▄[38;2;146;100;63;48;2;117;82;71m▗[38;2;187;119;74;48;2;161;106;65m▝[38;2;144;92;55;48;2;112;75;47m▌[38;2;106;77;49;48;2;62;59;66m▘[48;2;48;52;70m  [0m
[48;2;48;52;70m   [38;2;99;76;54;48;2;52;54;69m▝[38;2;163;105;62;48;2;113;79;54m▝[38;2;151;109;75;48;2;185;122;77m▄[38;2;175;138;104;48;2;184;132;95m▄[38;2;145;103;70;48;2;179;123;82m▗[38;2;169;108;65;48;2;119;83;57m▘[38;2;107;79;51;48;2;58;56;67m▘[48;2;48;52;70m   [0m
[?25h