[?25l[48;2;48;52;70m [38;2;49;52;69m▗[38;2;66;64;66;48;2;50;54;68m▗[38;2;85;60;30;48;2;54;55;68m▄[38;2;97;68;34;48;2;56;57;67m▄[38;2;119;79;42;48;2;56;57;68m▄[38;2;128;84;45;48;2;57;57;68m▄[38;2;123;82;43m▄[38;2;107;71;36;48;2;56;57;67m▄[38;2;87;62;30;48;2;55;56;67m▄[38;2;78;72;60;48;2;51;54;68m▖[38;2;51;54;69;48;2;48;52;70m▖ [0m
[48;2;48;52;70m [38;2;58;46;22;48;2;56;57;66m▗[38;2;61;48;22;48;2;107;72;38m▘[38;2;146;95;56;48;2;98;68;36m▄[38;2;191;121;74;48;2;135;89;50m▄[38;2;192;123;77;48;2;172;110;67m▌[38;2;164;106;63;48;2;199;126;79m▄[38;2;148;95;57;48;2;174;110;68m▄[38;2;155;99;60;48;2;135;90;51m▘[38;2;116;78;41;48;2;97;68;35m▄[38;2;89;64;32;48;2;68;52;25m▌[38;2;56;45;22;48;2;59;58;61m▖[48;2;48;52;70m [0m
[38;2;56;57;65;48;2;48;52;69m▗[38;2;62;59;62;48;2;58;44;20m▘[38;2;101;69;37;48;2;122;80;45m▄[38;2;107;72;38;48;2;142;95;55m▌[38;2;171;111;68;48;2;146;94;56m▝[38;2;163;107;65;48;2;135;89;51m▝[38;2;88;62;33;48;2;143;95;55m▗[38;2;103;70;37;48;2;121;81;44m▗[38;2;82;59;29;48;2;112;75;39m▄[38;2;56;45;21;48;2;86;61;31m▗[38;2;57;46;22;48;2;46;38;16m▘[38;2;62;57;55;48;2;44;36;16m▝[38;2;58;58;57;48;2;50;53;69m▖[0m
[38;2;48;52;70;48;2;55;56;65m▌[38;2;46;36;16;48;2;70;52;26m▌[38;2;120;79;44;48;2;83;60;30m▗[38;2;97;68;35;48;2;125;84;48m▚[38;2;100;71;37;48;2;131;88;51m▚[38;2;117;79;42;48;2;106;70;37m▗[38;2;131;88;51;48;2;115;76;42m▘[38;2;147;96;57;48;2;102;69;38m▄[38;2;143;94;55;48;2;87;62;33m▄[38;2;128;84;48;48;2;85;59;31m▄[38;2;92;64;34;48;2;60;47;22m▖[38;2;71;53;27;48;2;55;42;19m▖[38;2;58;57;57;48;2;48;52;70m▌[0m
[38;2;48;52;70;48;2;55;56;65m▌[38;2;48;37;16;48;2;77;56;29m▌[38;2;98;69;36;48;2;137;91;52m▌[38;2;183;117;72;48;2;143;93;54m▄[38;2;107;74;39;48;2;168;109;66m▘[38;2;194;125;79;48;2;129;86;48m▄[38;2;211;140;94;48;2;173;114;71m▄[38;2;166;105;64;48;2;193;125;78m▝[38;2;200;129;82;48;2;166;108;65m▖[38;2;174;111;68;48;2;151;100;59m▄[38;2;156;101;60;48;2;107;73;40m▖[38;2;76;57;28;48;2;54;41;20m▌[38;2;58;56;57;48;2;48;52;70m▌[0m
[38;2;48;52;70;48;2;56;56;65m▌[38;2;47;37;16;48;2;81;58;29m▌[38;2;123;80;44;48;2;162;103;62m▌[38;2;243;171;125;48;2;212;136;88m▗[38;2;238;166;121;48;2;205;131;83m▖[38;2;202;131;82;48;2;170;110;66m▌[38;2;217;142;93;48;2;187;121;77m▄[38;2;201;130;83;48;2;175;113;69m▝[38;2;225;153;107;48;2;180;121;80m▗[38;2;231;157;111;48;2;190;123;78m▄[38;2;173;110;68;48;2;125;83;45m▌[38;2;86;61;31;48;2;54;41;20m▌[38;2;58;56;57;48;2;48;52;70m▌[0m
[38;2;166;106;64;48;2;88;73;65m▗[38;2;101;67;38;48;2;76;55;29m▖[38;2;133;87;50;48;2;153;99;61m▌[38;2;136;88;51;48;2;196;137;97m▄[38;2;171;117;77;48;2;236;165;119m▄[38;2;194;125;81;48;2;216;154;114m▝[38;2;191;122;77;48;2;200;129;83m▗[38;2;220;165;130;48;2;199;133;90m▗[38;2;160;108;70;48;2;223;164;125m▄[38;2;118;80;44;48;2;188;133;94m▄[38;2;155;100;61;48;2;137;90;52m▌[38;2;69;51;26;48;2;92;64;35m▝[38;2;133;91;57;48;2;59;54;61m▌[0m
[38;2;75;66;64;48;2;138;90;51m▌[38;2;133;85;50;48;2;103;69;39m▗[38;2;182;119;78;48;2;117;78;44m▝[38;2;132;105;84;48;2;87;72;61m▝[38;2;87;59;31;48;2;104;97;87m▝[38;2;184;122;78;48;2;93;63;36m▝[38;2;219;146;97;48;2;195;127;80m▚[38;2;194;128;83;48;2;114;77;45m▘[38;2;96;66;36;48;2;79;71;60m▘[38;2;125;109;94;48;2;102;84;73m▌[38;2;163;108;72;48;2;120;82;50m▘[38;2;130;83;48;48;2;106;71;41m▖[38;2;129;85;48;48;2;57;51;57m▌[0m
[38;2;70;63;64;48;2;122;81;46m▌[38;2;101;70;37;48;2;143;92;54m▌[38;2;202;130;84;48;2;146;96;58m▄[38;2;134;90;54;48;2;94;81;66m▖[38;2;86;69;56;48;2;195;141;108m▌[38;2;248;178;135;48;2;142;95;62m▖[38;2;183;118;72;48;2;235;159;109m▌[38;2;238;169;126;48;2;146;99;64m▗[38;2;213;139;92;48;2;123;94;76m▖[38;2;85;73;59;48;2;122;97;75m▌[38;2;195;126;81;48;2;144;98;63m▄[38;2;153;98;60;48;2;109;74;41m▌[38;2;116;77;43;48;2;54;50;57m▌[0m
[38;2;106;83;58;48;2;57;57;68m▝[38;2;103;70;37;48;2;147;98;56m▌[38;2;229;153;105;48;2;190;124;78m▝[38;2;237;161;113;48;2;198;134;89m▗[38;2;191;132;91;48;2;224;151;105m▚[38;2;249;178;133;48;2;201;131;86m▘[38;2;249;193;150;48;2;210;156;115m▝[38;2;243;172;128;48;2;201;134;89m▝[38;2;223;149;101;48;2;194;131;87m▚[38;2;236;164;119;48;2;200;138;96m▖[38;2;178;116;71;48;2;214;141;93m▗[38;2;155;102;60;48;2;112;77;42m▌[38;2;109;83;53;48;2;56;53;64m▘[0m
[38;2;64;61;66;48;2;50;53;69m▝[38;2;96;72;48;48;2;149;99;58m▌[38;2;150;97;58;48;2;134;87;50m▝[38;2;168;109;66;48;2;223;149;101m▌[38;2;164;106;64;48;2;130;84;48m▚[38;2;161;107;66;48;2;131;87;49m▖[38;2;119;77;44;48;2;144;104;68m▄[38;2;158;105;63;48;2;130;87;50m▗[38;2;132;87;50;48;2;161;105;62m▚[38;2;216;144;96;48;2;186;122;77m▘[38;2;158;102;62;48;2;140;91;53m▘[38;2;148;98;58;48;2;108;78;49m▌[38;2;81;70;60;48;2;53;55;68m▘[0m
[48;2;48;52;70m [38;2;136;89;51;48;2;71;63;64m▝[38;2;149;99;58;48;2;130;84;47m▌[38;2;162;105;63;48;2;200;129;82m▌[38;2;128;83;45;48;2;189;122;76m▌[38;2;232;158;109;48;2;183;120;76m▘[38;2;153;100;60;48;2;174;112;71m▄[38;2;227;153;105;48;2;178;116;73m▝[38;2;195;126;80;48;2;141;91;53m▌[38;2;186;118;73;48;2;171;110;67m▌[38;2;136;89;52;48;2;161;104;62m▌[38;2;148;97;58;48;2;86;68;61m▘[48;2;48;52;70m [0m
[48;2;48;52;70m [38;2;48;52;70;48;2;61;58;67m▌[38;2;136;89;51;48;2;126;82;46m▘[38;2;137;88;51;48;2;180;116;71m▌[38;2;189;123;78;48;2;160;102;62m▝[38;2;25;24;23;48;2;95;77;64m▄[38;2;37;37;37;48;2;118;104;92m▄[38;2;25;25;25;48;2;97;80;67m▄[38;2;136;88;57;48;2;166;107;66m▖[38;2;176;113;68;48;2;141;92;53m▌[38;2;138;90;53;48;2;126;82;46m▝[38;2;87;72;62;48;2;48;52;70m▌ [0m
[48;2;48;52;70m [38;2;50;53;69m▝[38;2;66;60;64;48;2;122;80;44m▌[38;2;121;79;43;48;2;144;94;55m▌[38;2;193;124;78;48;2;146;95;57m▌[38;2;124;36;37;48;2;56;38;38m▗[38;2;94;22;21;48;2;4;0;1m▄[38;2;124;32;32;48;2;56;35;35m▖[38;2;129;86;54;48;2;184;118;72m▌[38;2;154;100;60;48;2;124;82;46m▌[38;2;123;80;44;48;2;78;62;58m▌[38;2;55;55;68;48;2;48;52;70m▘ [0m
[48;2;48;52;70m  [38;2;74;65;63;48;2;48;52;69m▝[38;2;64;57;64;48;2;122;80;42m▖[38;2;149;99;58;48;2;175;112;69m▖[38;2;163;108;64;48;2;123;89;68m▖[38;2;125;90;62;48;2;120;95;96m▄[38;2;159;105;64;48;2;120;88;70m▗[38;2;158;104;63;48;2;176;112;69m▚[38;2;79;64;59;48;2;130;85;47m▗[38;2;86;71;57;48;2;50;52;69m▘[48;2;48;52;70m  [0m
[48;2;48;52;70m   [38;2;62;58;66;48;2;48;52;69m▝[38;2;62;59;67;48;2;140;91;50m▄[38;2;80;69;68;48;2;206;136;89m▄[38;2;92;82;74;48;2;229;169;131m▄[38;2;84;72;69;48;2;210;140;94m▄[38;2;66;60;66;48;2;147;95;56m▄[38;2;84;73;60;48;2;49;52;69m▘[48;2;48;52;70m   [0m
[?25h