[?25l[48;2;48;52;70m [38;2;46;50;67m▗[38;2;57;50;55;48;2;47;50;66m▗[38;2;87;61;31;48;2;56;51;59m▄[38;2;102;69;37;48;2;59;52;59m▄[38;2;127;83;47;48;2;67;55;60m▄[38;2;137;89;51;48;2;68;56;60m▄[38;2;131;85;47;48;2;69;56;60m▄[38;2;111;74;40;48;2;62;53;59m▄[38;2;89;62;32;48;2;56;51;59m▄[38;2;61;51;52;48;2;48;50;66m▖[38;2;47;50;66;48;2;48;52;70m▖ [0m
[48;2;48;52;70m [38;2;66;47;22;48;2;45;46;59m▗[38;2;125;81;44;48;2;90;62;32m▗[38;2;151;97;55;48;2;102;69;37m▄[38;2;194;123;76;48;2;141;91;52m▄[38;2;197;125;78;48;2;169;109;65m▌[38;2;166;107;63;48;2;199;125;79m▄[38;2;152;97;57;48;2;172;111;67m▄[38;2;156;100;58;48;2;138;89;49m▘[38;2;120;78;42;48;2;99;67;35m▄[38;2;92;63;33;48;2;73;52;25m▌[38;2;61;45;21;48;2;46;45;55m▖[48;2;48;52;70m [0m
[38;2;45;44;54;48;2;47;51;69m▗[38;2;46;40;41;48;2;73;51;25m▌[38;2;107;71;38;48;2;125;82;44m▄[38;2;112;74;40;48;2;145;94;52m▌[38;2;173;112;67;48;2;151;96;55m▝[38;2;170;110;66;48;2;140;91;49m▝[38;2;78;56;28;48;2;147;95;53m▗[38;2;129;84;46;48;2;109;73;39m▌[38;2;85;60;30;48;2;116;76;41m▄[38;2;58;43;20;48;2;89;62;32m▗[38;2;63;46;21;48;2;47;36;15m▘[38;2;42;41;50;48;2;44;34;14m▝[38;2;44;41;49;48;2;47;51;69m▖[0m
[38;2;48;52;70;48;2;45;44;54m▌[38;2;51;38;16;48;2;71;51;24m▌[38;2;116;76;41;48;2;83;58;29m▗[38;2;134;88;48;48;2;103;70;37m▝[38;2;91;63;33;48;2;142;92;52m▚[38;2;117;77;41;48;2;106;71;38m▗[38;2;144;93;51;48;2;106;71;39m▘[38;2;136;88;48;48;2;92;63;32m▄[38;2;134;87;47;48;2;74;53;26m▄[38;2;120;79;42;48;2;73;51;25m▄[38;2;84;59;30;48;2;55;41;18m▖[38;2;68;50;24;48;2;54;41;18m▖[38;2;44;42;48;48;2;48;52;70m▌[0m
[38;2;48;52;70;48;2;44;44;54m▌[38;2;54;40;18;48;2;79;56;28m▌[38;2;96;66;34;48;2;133;87;47m▌[38;2;163;106;62;48;2;121;79;42m▄[38;2;99;68;36;48;2;150;97;57m▘[38;2;161;105;62;48;2;103;69;36m▄[38;2;172;111;67;48;2;143;93;53m▄[38;2;155;100;58;48;2;172;112;67m▝[38;2;146;94;52;48;2;160;103;61m▝[38;2;166;108;64;48;2;140;90;49m▄[38;2;146;95;54;48;2;99;67;35m▖[38;2;76;55;26;48;2;58;43;19m▌[38;2;44;42;48;48;2;48;52;70m▌[0m
[38;2;48;52;70;48;2;44;44;54m▌[38;2;54;40;18;48;2;87;61;30m▌[38;2;123;81;44;48;2;164;104;62m▌[38;2;226;148;99;48;2;198;126;79m▗[38;2;219;142;94;48;2;184;118;72m▖[38;2;181;115;70;48;2;168;108;65m▖[38;2;153;99;56;48;2;173;112;67m▄[38;2;175;113;68;48;2;166;107;64m▚[38;2;215;139;91;48;2;183;117;72m▗[38;2;218;142;92;48;2;193;122;76m▄[38;2;170;109;65;48;2;120;79;44m▌[38;2;87;60;30;48;2;58;43;19m▌[38;2;44;42;48;48;2;48;52;70m▌[0m
[38;2;98;70;60;48;2;46;48;62m▄[38;2;54;40;18;48;2;84;59;29m▘[38;2;179;116;71;48;2;134;87;50m▝[38;2;168;129;95;48;2;235;172;130m▄[38;2;240;165;117;48;2;217;143;97m▘[38;2;208;136;89;48;2;173;110;67m▌[38;2;196;126;80;48;2;181;117;73m▄[38;2;175;112;69;48;2;203;132;85m▌[38;2;237;161;114;48;2;216;143;96m▝[38;2;170;130;96;48;2;236;173;130m▄[38;2;186;120;75;48;2;137;90;52m▘[38;2;95;65;33;48;2;67;48;22m▌[38;2;108;73;51;48;2;51;49;60m▖[0m
[38;2;106;75;65;48;2;146;95;55m▌[38;2;108;73;39;48;2;95;65;34m▗[38;2;156;102;58;48;2;130;85;48m▄[38;2;184;140;97;48;2;123;82;46m▄[38;2;175;145;117;48;2;161;108;61m▖[38;2;143;99;50;48;2;115;76;41m▌[38;2;170;109;66;48;2;164;106;62m▄[38;2;122;80;44;48;2;139;96;49m▌[38;2;171;140;107;48;2;160;108;60m▗[38;2;184;142;101;48;2;125;82;46m▄[38;2;157;104;57;48;2;131;86;48m▄[38;2;118;78;43;48;2;95;65;34m▖[38;2;136;90;51;48;2;72;54;53m▌[0m
[38;2;77;59;58;48;2;113;75;41m▌[38;2;107;71;38;48;2;143;93;53m▌[38;2;140;96;47;48;2;170;110;66m▝[38;2;239;218;179;48;2;187;139;67m▝[38;2;237;224;187;48;2;196;150;59m▘[38;2;184;134;59;48;2;150;97;55m▌[38;2;234;157;108;48;2;216;138;90m▗[38;2;160;104;61;48;2;179;129;58m▌[38;2;233;215;169;48;2;194;148;59m▝[38;2;239;219;182;48;2;191;144;73m▘[38;2;171;111;66;48;2;153;103;54m▄[38;2;151;98;57;48;2;111;74;39m▌[38;2;110;73;39;48;2;55;45;50m▌[0m
[38;2;83;62;59;48;2;118;77;43m▌[38;2;109;73;39;48;2;161;104;61m▌[38;2;219;142;95;48;2;208;133;86m▚[38;2;226;148;100;48;2;183;118;73m▄[38;2;249;171;118;48;2;183;118;72m▗[38;2;250;183;142;48;2;218;141;95m▖[38;2;249;167;110;48;2;251;176;126m▌[38;2;247;178;136;48;2;221;145;97m▗[38;2;232;156;106;48;2;173;112;68m▄[38;2;224;147;99;48;2;180;116;71m▄[38;2;208;133;86;48;2;220;143;96m▚[38;2;170;109;66;48;2;115;76;41m▌[38;2;113;75;42;48;2;59;47;52m▌[0m
[38;2;48;52;70;48;2;60;51;56m▌[38;2;103;69;37;48;2;137;88;49m▌[38;2;160;103;61;48;2;172;111;66m▌[38;2;196;126;78;48;2;231;152;103m▌[38;2;211;135;90;48;2;248;178;131m▗[38;2;162;104;62;48;2;218;141;94m▄[38;2;174;113;69;48;2;250;194;153m▄[38;2;162;105;62;48;2;220;146;100m▄[38;2;205;132;86;48;2;245;175;129m▖[38;2;233;155;105;48;2;201;130;83m▌[38;2;175;112;68;48;2;161;104;62m▌[38;2;141;91;51;48;2;108;71;38m▌[38;2;69;54;52;48;2;48;52;70m▌[0m
[38;2;47;51;69;48;2;48;52;70m▝[38;2;54;48;58;48;2;133;87;49m▌[38;2;188;119;73;48;2;171;110;67m▖[38;2;226;150;103;48;2;246;173;129m▌[38;2;228;151;102;48;2;198;125;79m▘[38;2;190;122;77;48;2;102;69;36m▄[38;2;159;102;61;48;2;136;88;48m▄[38;2;187;120;75;48;2;106;71;37m▄[38;2;167;108;65;48;2;211;135;88m▘[38;2;247;177;134;48;2;232;156;109m▘[38;2;168;109;65;48;2;181;116;71m▝[38;2;144;94;54;48;2;62;50;54m▌[38;2;47;51;69;48;2;48;52;70m▘[0m
[48;2;48;52;70m [38;2;113;76;42;48;2;58;51;60m▝[38;2;149;97;55;48;2;174;112;68m▖[38;2;208;133;86;48;2;225;147;99m▄[38;2;150;97;57;48;2;211;134;87m▄[38;2;167;115;73;48;2;243;172;127m▄[38;2;162;105;62;48;2;213;139;92m▄[38;2;167;114;73;48;2;241;170;126m▄[38;2;151;98;58;48;2;213;137;89m▄[38;2;205;131;85;48;2;224;146;99m▄[38;2;153;99;57;48;2;178;114;70m▗[38;2;126;84;48;48;2;65;53;57m▘[48;2;48;52;70m [0m
[48;2;48;52;70m [38;2;59;52;59;48;2;48;51;68m▝[38;2;91;64;46;48;2;146;95;54m▌[38;2;183;117;72;48;2;204;129;81m▌[38;2;207;131;84;48;2;181;115;70m▄[38;2;206;136;89;48;2;186;120;75m▝[38;2;171;113;69;48;2;216;144;92m▄[38;2;181;117;73;48;2;201;131;85m▄[38;2;205;130;83;48;2;182;115;71m▄[38;2;203;129;81;48;2;186;119;73m▌[38;2;152;99;57;48;2;98;68;45m▌[38;2;69;56;55;48;2;49;51;68m▘[48;2;48;52;70m [0m
[48;2;48;52;70m  [38;2;78;57;52;48;2;49;51;67m▝[38;2;190;121;76;48;2;121;80;51m▝[38;2;174;111;67;48;2;209;134;87m▖[38;2;212;136;88;48;2;182;116;70m▄[38;2;242;171;127;48;2;186;123;79m▄[38;2;215;138;91;48;2;183;116;71m▄[38;2;178;114;70;48;2;208;134;87m▗[38;2;193;124;78;48;2;128;85;53m▘[38;2;88;63;51;48;2;52;51;66m▘[48;2;48;52;70m  [0m
[48;2;48;52;70m   [38;2;64;50;47;48;2;47;50;67m▝[38;2;148;97;57;48;2;79;56;42m▝[38;2;119;79;57;48;2;191;124;79m▄[38;2;128;85;61;48;2;212;153;113m▄[38;2;120;80;58;48;2;193;126;82m▄[38;2;154;100;60;48;2;85;59;43m▘[38;2;69;52;44;48;2;47;50;65m▘[48;2;48;52;70m   [0m
[?25h