[?25l[48;2;48;52;70m [38;2;53;55;68m▗[38;2;78;69;57;48;2;54;55;67m▗[38;2;87;63;32;48;2;62;59;62m▄[38;2;106;70;37;48;2;67;60;63m▄[38;2;125;83;46;48;2;71;63;63m▄[38;2;128;83;47m▄[38;2;125;83;46m▄[38;2;106;71;38;48;2;67;61;63m▄[38;2;88;63;32;48;2;63;59;62m▄[38;2;81;70;57;48;2;54;56;67m▖[38;2;52;54;67;48;2;48;52;70m▖ [0m
[48;2;48;52;70m [38;2;59;48;23;48;2;57;57;60m▗[38;2;122;81;46;48;2;87;61;31m▗[38;2;146;97;57;48;2;105;73;38m▄[38;2;165;108;65;48;2;128;83;46m▄[38;2;175;112;68;48;2;154;100;60m▄[38;2;186;119;74;48;2;161;103;63m▄[38;2;177;113;70;48;2;155;100;60m▖[38;2;144;94;56;48;2;121;80;45m▄[38;2;125;82;46;48;2;99;69;36m▄[38;2;104;70;37;48;2;76;56;28m▌[38;2;57;45;21;48;2;60;59;59m▖[48;2;48;52;70m [0m
[38;2;58;58;58;48;2;50;53;69m▗[38;2;60;56;52;48;2;53;42;20m▘[38;2;130;88;50;48;2;93;65;34m▝[38;2;158;103;61;48;2;134;88;51m▝[38;2;158;102;61;48;2;182;116;71m▌[38;2;186;118;73;48;2;196;124;77m▘[38;2;167;108;65;48;2;185;119;73m▄[38;2;157;100;61;48;2;176;113;70m▄[38;2;162;105;63;48;2;142;93;54m▘[38;2;117;78;42;48;2;136;90;51m▗[38;2;112;74;40;48;2;85;61;31m▌[38;2;61;56;51;48;2;50;39;18m▝[38;2;56;54;57;48;2;50;53;69m▖[0m
[38;2;48;52;70;48;2;57;59;57m▌[38;2;43;34;15;48;2;44;36;16m▌[38;2;61;46;23;48;2;104;71;37m▌[38;2;98;69;35;48;2;119;79;43m▄[38;2;87;64;32;48;2;131;87;49m▖[38;2;141;95;54;48;2;170;109;67m▗[38;2;154;101;59;48;2;120;78;43m▘[38;2;137;92;52;48;2;162;106;64m▗[38;2;58;46;21;48;2;105;72;38m▗[38;2;109;73;38;48;2;85;60;30m▘[38;2;77;58;28;48;2;53;42;20m▘[38;2;49;41;20;48;2;46;37;17m▌[38;2;55;54;56;48;2;48;52;70m▌[0m
[38;2;48;52;70;48;2;57;59;58m▌[38;2;46;37;17;48;2;51;43;20m▌[38;2;106;29;15;48;2;68;46;23m▗[38;2;164;6;4;48;2;112;43;22m▄[38;2;82;59;29;48;2;111;74;40m▌[38;2;105;71;40;48;2;139;92;53m▗[38;2;87;62;34;48;2;98;67;35m▖[38;2;133;89;51;48;2;116;77;42m▘[38;2;94;50;25;48;2;65;49;23m▚[38;2;63;48;23;48;2;98;55;29m▘[38;2;95;67;35;48;2;62;47;23m▄[38;2;75;55;29;48;2;54;41;20m▖[38;2;55;54;56;48;2;48;52;70m▌[0m
[38;2;48;52;70;48;2;57;58;58m▌[38;2;51;39;18;48;2;76;56;28m▌[38;2;116;20;12;48;2;101;61;31m▝[38;2;111;6;7;48;2;153;16;13m▖[38;2;169;109;66;48;2;96;67;36m▖[38;2;111;76;42;48;2;60;47;22m▘[38;2;152;99;61;48;2;84;60;30m▌[38;2;117;78;43;48;2;88;62;33m▘[38;2;101;67;37;48;2;152;20;15m▌[38;2;121;60;34;48;2;147;47;29m▝[38;2;118;82;45;48;2;150;97;57m▝[38;2;91;65;33;48;2;54;41;20m▌[38;2;55;54;56;48;2;48;52;70m▌[0m
[38;2;123;85;58;48;2;89;72;60m▄[38;2;48;35;20;48;2;91;64;34m▌[38;2;143;88;54;48;2;119;73;41m▄[38;2;119;23;23;48;2;144;47;41m▘[38;2;156;102;63;48;2;195;130;86m▖[38;2;187;125;83;48;2;102;73;43m▖[38;2;194;125;80;48;2;152;100;59m▄[38;2;113;78;44;48;2;200;131;85m▘[38;2;183;120;76;48;2;140;58;45m▌[38;2;145;88;54;48;2;122;69;42m▝[38;2;134;88;51;48;2;145;94;56m▚[38;2;95;67;37;48;2;49;36;21m▌[38;2;125;89;57;48;2;91;77;60m▄[0m
[38;2;142;93;55;48;2;106;79;56m▝[38;2;92;65;34;48;2;100;67;36m▝[38;2;167;104;70;48;2;120;79;46m▝[38;2;93;35;34;48;2;140;59;53m▌[38;2;91;62;31;48;2;124;75;65m▝[38;2;190;126;81;48;2;99;67;37m▝[38;2;219;147;98;48;2;198;129;81m▚[38;2;195;130;85;48;2;111;75;43m▘[38;2;95;64;34;48;2;100;49;38m▘[38;2;153;90;75;48;2;113;70;58m▌[38;2;168;110;72;48;2;121;80;48m▘[38;2;129;83;48;48;2;106;70;40m▖[38;2;141;92;54;48;2;105;77;55m▘[0m
[38;2;92;74;59;48;2;116;77;43m▌[38;2;158;102;62;48;2;113;76;42m▗[38;2;196;126;83;48;2;141;90;54m▄[38;2;101;49;35;48;2;135;68;52m▝[38;2;124;59;46;48;2;206;129;94m▌[38;2;244;174;130;48;2;135;91;57m▖[38;2;186;120;74;48;2;237;163;113m▌[38;2;243;172;129;48;2;136;92;58m▗[38;2;193;115;80;48;2;125;59;44m▌[38;2;153;89;74;48;2;121;64;43m▝[38;2;194;125;80;48;2;144;93;59m▄[38;2;151;98;59;48;2;109;74;41m▌[38;2;115;77;42;48;2;90;71;58m▌[0m
[38;2;111;84;52;48;2;69;64;65m▝[38;2;111;76;42;48;2;155;101;60m▌[38;2;177;117;71;48;2;211;133;93m▖[38;2;221;137;111;48;2;180;97;88m▗[38;2;194;133;91;48;2;224;152;107m▚[38;2;248;177;133;48;2;204;133;87m▘[38;2;251;194;148;48;2;214;161;119m▝[38;2;246;176;132;48;2;203;134;88m▝[38;2;213;143;97;48;2;178;95;79m▌[38;2;141;78;60;48;2;195;115;89m▘[38;2;180;118;73;48;2;215;141;94m▗[38;2;156;102;60;48;2;112;76;43m▌[38;2;110;84;51;48;2;69;62;64m▘[0m
[38;2;48;52;70;48;2;74;67;62m▌[38;2;109;78;48;48;2;147;97;57m▌[38;2;144;85;55;48;2;168;80;64m▌[38;2;176;105;71;48;2;214;141;94m▌[38;2;163;102;61;48;2;133;87;51m▚[38;2;149;37;20;48;2;133;88;50m▄[38;2;122;77;46;48;2;146;109;74m▄[38;2;149;37;21;48;2;133;88;51m▄[38;2;174;81;74;48;2;146;85;54m▝[38;2;143;47;46;48;2;165;87;64m▖[38;2;163;104;62;48;2;139;91;53m▘[38;2;148;97;57;48;2;111;80;47m▌[38;2;71;64;61;48;2;48;52;70m▌[0m
[48;2;48;52;70m [38;2;140;92;55;48;2;87;69;61m▝[38;2;132;74;46;48;2;148;87;57m▗[38;2;163;76;56;48;2;191;122;76m▌[38;2;133;86;49;48;2;186;111;71m▌[38;2;138;39;38;48;2;166;20;18m▄[38;2;123;53;35;48;2;118;48;32m▄[38;2;185;24;25;48;2;146;35;34m▝[38;2;181;101;72;48;2;133;86;50m▌[38;2;137;47;41;48;2;156;89;57m▌[38;2;136;88;51;48;2;163;105;63m▌[38;2;148;97;56;48;2;94;74;61m▘[48;2;48;52;70m [0m
[48;2;48;52;70m [38;2;48;52;70;48;2;83;71;62m▌[38;2;134;89;51;48;2;129;76;46m▘[38;2;154;58;48;48;2;179;115;70m▌[38;2;189;116;75;48;2;161;101;61m▝[38;2;56;2;3;48;2;117;17;16m▗[38;2;82;3;4;48;2;151;37;21m▄[38;2;55;2;3;48;2;115;15;14m▖[38;2;173;73;73;48;2;155;84;58m▌[38;2;134;40;35;48;2;133;74;45m▌[38;2;142;92;54;48;2;127;83;47m▝[38;2;84;69;62;48;2;48;52;70m▌ [0m
[48;2;48;52;70m [38;2;61;58;67m▝[38;2;86;70;58;48;2;125;69;41m▌[38;2;132;41;33;48;2;152;99;58m▌[38;2;184;119;72;48;2;151;85;51m▌[38;2;68;3;3;48;2;173;2;3m▝[38;2;145;20;21;48;2;1;0;0m▄[38;2;175;2;3;48;2;107;2;4m▄[38;2;147;47;47;48;2;181;80;72m▝[38;2;142;42;39;48;2;123;69;40m▌[38;2;123;80;45;48;2;86;69;58m▌[38;2;60;57;66;48;2;48;52;70m▘ [0m
[48;2;48;52;70m  [38;2;94;68;53;48;2;55;55;68m▝[38;2;95;35;39;48;2;135;75;45m▌[38;2;187;120;73;48;2;165;101;62m▘[38;2;138;10;10;48;2;176;2;2m▄[38;2;162;48;28;48;2;230;13;14m▄[38;2;201;2;3;48;2;160;15;14m▘[38;2;165;100;61;48;2;186;106;74m▄[38;2;87;60;54;48;2;128;51;36m▗[38;2;95;73;54;48;2;53;54;68m▘[48;2;48;52;70m  [0m
[48;2;48;52;70m   [38;2;99;57;55;48;2;53;54;68m▝[38;2;89;69;60;48;2;143;91;53m▄[38;2;141;5;5;48;2;90;37;46m▝[38;2;115;73;69;48;2;166;87;73m▄[38;2;96;58;61;48;2;151;45;44m▄[38;2;93;64;61;48;2;151;82;52m▄[38;2;86;50;54;48;2;52;52;68m▘[48;2;48;52;70m   [0m
[?25h